    SELECT year, count(*)
    FROM posts
    LATERAL VIEW explode(tags) lateral_table AS tag
    WHERE tag = 'firefox' AND post_type_id = '1'
    GROUP BY year;

2008	6
2009	14
2010	23
2011	26
2012	58
2013	47
2014	54
2015	44
2016	35


    SELECT id, tag, year, post_type_id
    FROM posts
    LATERAL VIEW explode(tags) lateral_table AS tag
    WHERE tag = 'firefox';
    
307 rows in total

69602	firefox	2008	1
94767	firefox	2008	1
124392	firefox	2008	1
161403	firefox	2008	1
269590	firefox	2008	1
299200	firefox	2008	1
436154	firefox	2009	1
486706	firefox	2009	1
523243	firefox	2009	1
890480	firefox	2009	1
914036	firefox	2009	1
950686	firefox	2009	1
1065771	firefox	2009	1
1188976	firefox	2009	1
1190638	firefox	2009	1
1220485	firefox	2009	1
1393227	firefox	2009	1
1426815	firefox	2009	1
1662258	firefox	2009	1
1778852	firefox	2009	1
2136461	firefox	2010	1
2139741	firefox	2010	1
2278616	firefox	2010	1
2405947	firefox	2010	1
2458269	firefox	2010	1
2475938	firefox	2010	1
2510151	firefox	2010	1
2840805	firefox	2010	1
3371057	firefox	2010	1
3440220	firefox	2010	1
3572924	firefox	2010	1
3653852	firefox	2010	1
3732867	firefox	2010	1
3830770	firefox	2010	1
3836293	firefox	2010	1
3855230	firefox	2010	1
3859748	firefox	2010	1
4046592	firefox	2010	1
4069100	firefox	2010	1
4192645	firefox	2010	1
4225355	firefox	2010	1
4261672	firefox	2010	1
4352304	firefox	2010	1
4594810	firefox	2011	1
4633183	firefox	2011	1
4783519	firefox	2011	1
4890438	firefox	2011	1
4987411	firefox	2011	1
5102107	firefox	2011	1
5397488	firefox	2011	1
5580681	firefox	2011	1
5969897	firefox	2011	1
5991743	firefox	2011	1
6213996	firefox	2011	1
7309835	firefox	2011	1
6947468	firefox	2011	1
7131297	firefox	2011	1
7187074	firefox	2011	1
7190938	firefox	2011	1
7392729	firefox	2011	1
7582934	firefox	2011	1
7598847	firefox	2011	1
7866249	firefox	2011	1
7900048	firefox	2011	1
8051398	firefox	2011	1
8248795	firefox	2011	1
8314023	firefox	2011	1
8458654	firefox	2011	1
8672573	firefox	2011	1
8767581	firefox	2012	1
8778190	firefox	2012	1
8872755	firefox	2012	1
8901718	firefox	2012	1
8985027	firefox	2012	1
9110587	firefox	2012	1
9154609	firefox	2012	1
9266547	firefox	2012	1
9424898	firefox	2012	1
9474506	firefox	2012	1
9816426	firefox	2012	1
9996082	firefox	2012	1
10018198	firefox	2012	1
10218934	firefox	2012	1
10220103	firefox	2012	1
10298548	firefox	2012	1
10367959	firefox	2012	1
10387183	firefox	2012	1
10468699	firefox	2012	1
10558695	firefox	2012	1
10726842	firefox	2012	1
10778409	firefox	2012	1
11013981	firefox	2012	1
11051184	firefox	2012	1
11146999	firefox	2012	1
11223474	firefox	2012	1
11320963	firefox	2012	1
11398190	firefox	2012	1
11508504	firefox	2012	1
11568648	firefox	2012	1
11684505	firefox	2012	1
11757923	firefox	2012	1
11871077	firefox	2012	1
11900989	firefox	2012	1
11927698	firefox	2012	1
12226073	firefox	2012	1
12302026	firefox	2012	1
12350452	firefox	2012	1
12401593	firefox	2012	1
12450784	firefox	2012	1
12596937	firefox	2012	1
12767073	firefox	2012	1
12771189	firefox	2012	1
12919183	firefox	2012	1
13119873	firefox	2012	1
13148561	firefox	2012	1
13156904	firefox	2012	1
13160214	firefox	2012	1
13169134	firefox	2012	1
13172500	firefox	2012	1
13212976	firefox	2012	1
13275818	firefox	2012	1
13605179	firefox	2012	1
13724934	firefox	2012	1
13729184	firefox	2012	1
13784550	firefox	2012	1
13791262	firefox	2012	1
13920735	firefox	2012	1
14250500	firefox	2013	1
14338196	firefox	2013	1
14641234	firefox	2013	1
14821914	firefox	2013	1
14948283	firefox	2013	1
15741503	firefox	2013	1
15915821	firefox	2013	1
16250516	firefox	2013	1
16440352	firefox	2013	1
16678809	firefox	2013	1
16705366	firefox	2013	1
16730028	firefox	2013	1
16865207	firefox	2013	1
16984287	firefox	2013	1
17229602	firefox	2013	1
17362477	firefox	2013	1
17492223	firefox	2013	1
17608688	firefox	2013	1
17617254	firefox	2013	1
17646918	firefox	2013	1
17674400	firefox	2013	1
17955861	firefox	2013	1
18012876	firefox	2013	1
18237591	firefox	2013	1
18254744	firefox	2013	1
18325853	firefox	2013	1
18476336	firefox	2013	1
18610135	firefox	2013	1
18643810	firefox	2013	1
18677572	firefox	2013	1
18715869	firefox	2013	1
18782069	firefox	2013	1
18782558	firefox	2013	1
19049796	firefox	2013	1
19283009	firefox	2013	1
19566146	firefox	2013	1
20055533	firefox	2013	1
20060162	firefox	2013	1
20111315	firefox	2013	1
20175658	firefox	2013	1
20182845	firefox	2013	1
20193991	firefox	2013	1
20542458	firefox	2013	1
20577491	firefox	2013	1
20678543	firefox	2013	1
20705960	firefox	2013	1
20804575	firefox	2013	1
20884511	firefox	2014	1
20952069	firefox	2014	1
21226089	firefox	2014	1
21316003	firefox	2014	1
21495661	firefox	2014	1
21536373	firefox	2014	1
21603037	firefox	2014	1
21777916	firefox	2014	1
21851802	firefox	2014	1
21858942	firefox	2014	1
21948159	firefox	2014	1
22042450	firefox	2014	1
22055621	firefox	2014	1
22201864	firefox	2014	1
22257871	firefox	2014	1
22376494	firefox	2014	1
22419523	firefox	2014	1
22517738	firefox	2014	1
22525697	firefox	2014	1
22584663	firefox	2014	1
22896244	firefox	2014	1
23012756	firefox	2014	1
23324958	firefox	2014	1
23467147	firefox	2014	1
23469006	firefox	2014	1
23650947	firefox	2014	1
23768965	firefox	2014	1
23779550	firefox	2014	1
24332013	firefox	2014	1
24337733	firefox	2014	1
24356008	firefox	2014	1
24410058	firefox	2014	1
24432732	firefox	2014	1
24693928	firefox	2014	1
24822013	firefox	2014	1
24839445	firefox	2014	1
25252842	firefox	2014	1
25351508	firefox	2014	1
25438548	firefox	2014	1
25548663	firefox	2014	1
25855423	firefox	2014	1
25877095	firefox	2014	1
25964905	firefox	2014	1
26032732	firefox	2014	1
26279887	firefox	2014	1
26553455	firefox	2014	1
26680708	firefox	2014	1
26932256	firefox	2014	1
26989450	firefox	2014	1
27125108	firefox	2014	1
27125895	firefox	2014	1
27282323	firefox	2014	1
27350148	firefox	2014	1
27704692	firefox	2014	1
27902875	firefox	2015	1
28098999	firefox	2015	1
28109752	firefox	2015	1
28273889	firefox	2015	1
28353214	firefox	2015	1
28437588	firefox	2015	1
28709470	firefox	2015	1
28838819	firefox	2015	1
29092648	firefox	2015	1
29378785	firefox	2015	1
29718660	firefox	2015	1
29946761	firefox	2015	1
29958197	firefox	2015	1
30278585	firefox	2015	1
30326002	firefox	2015	1
30507589	firefox	2015	1
30579325	firefox	2015	1
30676125	firefox	2015	1
31244597	firefox	2015	1
31593566	firefox	2015	1
31696530	firefox	2015	1
31756242	firefox	2015	1
31807598	firefox	2015	1
31883609	firefox	2015	1
31931750	firefox	2015	1
31935583	firefox	2015	1
32130694	firefox	2015	1
32318081	firefox	2015	1
32326943	firefox	2015	1
32557925	firefox	2015	1
32639677	firefox	2015	1
32659801	firefox	2015	1
32696959	firefox	2015	1
32746279	firefox	2015	1
32952064	firefox	2015	1
33185029	firefox	2015	1
33351771	firefox	2015	1
33686475	firefox	2015	1
33713337	firefox	2015	1
34100312	firefox	2015	1
34225239	firefox	2015	1
34304889	firefox	2015	1
34339938	firefox	2015	1
34442641	firefox	2015	1
34623103	firefox	2016	1
34624952	firefox	2016	1
35333815	firefox	2016	1
35449154	firefox	2016	1
35625178	firefox	2016	1
35920979	firefox	2016	1
35989184	firefox	2016	1
36000110	firefox	2016	1
36040447	firefox	2016	1
36063269	firefox	2016	1
36265822	firefox	2016	1
36359170	firefox	2016	1
36363285	firefox	2016	1
36400118	firefox	2016	1
36768694	firefox	2016	1
36948232	firefox	2016	1
37292005	firefox	2016	1
37309022	firefox	2016	1
37349885	firefox	2016	1
37548088	firefox	2016	1
37605031	firefox	2016	1
37606298	firefox	2016	1
37648777	firefox	2016	1
38193777	firefox	2016	1
38275740	firefox	2016	1
39153555	firefox	2016	1
39176887	firefox	2016	1
39526004	firefox	2016	1
39722422	firefox	2016	1
39904132	firefox	2016	1
40226646	firefox	2016	1
40525729	firefox	2016	1
40606175	firefox	2016	1
40706704	firefox	2016	1
41058010	firefox	2016	1
